00000 00000 00000 00000 00000 00000 00000 00000 00000 00000 00000 00000 00000 00000 00000 00000 00000 00000 00000 00000 00000 00000 00000 00000
00000 00000 00000 00000 00000 00000 00000 00000 00000 00000 00000 00000 00000 00000 00000 00000 00000 00000 00000 00000 00000 00000 00000 00000
00000 00000 00000 00000 00000 00000 00000 00000 00000 00000 00000 00000 00000 00001 00001 00001 00001 00001 00001 00001 00000 00000 00000 00000
00000 00000 00000 00000 00000 00000 00001 00001 00001 00001 00001 00002 00002 00002 00002 00002 00001 00002 00002 00002 00001 00000 00000 00000
00000 00000 00000 00000 00000 00001 00002 00002 00002 00003 00003 00003 00003 00004 00003 00003 00002 00002 00003 00002 00001 00000 00000 00000
00000 00000 00000 00000 00000 00002 00003 00004 00004 00004 00004 00004 00004 00005 00005 00004 00002 00003 00003 00003 00002 00001 00000 00000
00000 00000 00000 00000 00001 00002 00004 00005 00005 00006 00006 00005 00005 00005 00005 00003 00002 00002 00002 00001 00001 00000 00000 00000
00000 00000 00000 00000 00001 00002 00004 00005 00006 00007 00006 00004 00003 00004 00003 00002 00001 00000 00000 00000 00000 00000 00000 00000
00000 00000 00000 00000 00000 00001 00002 00003 00005 00006 00005 00003 00002 00002 00002 00001 00000 00000 00000 00000 00000 00000 00000 00000
00000 00000 00000 00000 00000 00000 00000 00001 00003 00005 00004 00002 00001 00000 00000 00000 00000 00000 00000 00000 00000 00000 00000 00000
00000 00000 00000 00000 00000 00000 00000 00000 00002 00003 00004 00003 00002 00001 00000 00000 00000 00000 00000 00000 00000 00000 00000 00000
00000 00000 00000 00000 00000 00000 00000 00000 00001 00002 00004 00004 00003 00002 00001 00000 00000 00000 00000 00000 00000 00000 00000 00000
00000 00000 00000 00000 00000 00000 00000 00000 00000 00001 00003 00003 00004 00004 00002 00001 00000 00000 00000 00000 00000 00000 00000 00000
00000 00000 00000 00000 00000 00000 00000 00000 00000 00000 00001 00003 00004 00004 00004 00003 00002 00000 00000 00000 00000 00000 00000 00000
00000 00000 00000 00000 00000 00000 00000 00000 00000 00000 00000 00001 00003 00005 00005 00005 00003 00001 00000 00000 00000 00000 00000 00000
00000 00000 00000 00000 00000 00000 00000 00000 00000 00000 00000 00001 00002 00004 00006 00006 00004 00002 00000 00000 00000 00000 00000 00000
00000 00000 00000 00000 00000 00000 00000 00000 00000 00000 00001 00002 00002 00004 00005 00006 00004 00002 00000 00000 00000 00000 00000 00000
00000 00000 00000 00000 00000 00000 00000 00000 00001 00002 00002 00003 00004 00004 00005 00005 00003 00002 00000 00000 00000 00000 00000 00000
00000 00000 00000 00000 00000 00000 00001 00001 00002 00003 00004 00004 00004 00005 00004 00004 00002 00001 00000 00000 00000 00000 00000 00000
00000 00000 00000 00000 00001 00001 00002 00003 00004 00004 00005 00005 00005 00004 00003 00002 00001 00001 00000 00000 00000 00000 00000 00000
00000 00000 00001 00002 00002 00003 00003 00004 00005 00005 00004 00004 00003 00002 00002 00001 00000 00000 00000 00000 00000 00000 00000 00000
00000 00000 00002 00002 00003 00004 00004 00005 00005 00004 00003 00002 00002 00001 00000 00000 00000 00000 00000 00000 00000 00000 00000 00000
00000 00001 00002 00003 00004 00004 00004 00004 00004 00003 00002 00001 00000 00000 00000 00000 00000 00000 00000 00000 00000 00000 00000 00000
00000 00001 00002 00003 00003 00003 00003 00003 00002 00001 00000 00000 00000 00000 00000 00000 00000 00000 00000 00000 00000 00000 00000 00000
