00000 00000 00000 00000 00000 00000 00000 00000 00000 00000 00000 00000
00000 00000 00000 00000 00000 00000 00000 00000 00000 00000 00000 00000
00000 00000 00000 00000 00000 00000 00000 00000 00001 00002 00002 00000
00000 00000 00001 00002 00002 00002 00003 00003 00002 00002 00001 00000
00000 00000 00001 00003 00003 00001 00002 00002 00001 00000 00000 00000
00000 00000 00000 00000 00001 00001 00000 00000 00000 00000 00000 00000
00000 00000 00000 00000 00001 00002 00002 00000 00000 00000 00000 00000
00000 00000 00000 00000 00000 00001 00002 00001 00000 00000 00000 00000
00000 00000 00000 00000 00000 00000 00000 00000 00000 00000 00000 00000
00000 00000 00000 00000 00000 00000 00002 00002 00002 00001 00000 00000
00000 00000 00000 00000 00001 00002 00002 00002 00001 00000 00000 00000
00001 00002 00004 00004 00003 00002 00001 00000 00000 00000 00000 00000
