00000 00000 00000 00000 00000 00000 00000 00000 00000 00000 00020 00021
00000 00000 00000 00000 00000 00000 00005 00045 00042 00063 00048 00010
00000 00000 00011 00062 00077 00105 00109 00094 00094 00089 00002 00000
00000 00000 00074 00084 00043 00047 00041 00000 00000 00000 00000 00000
00000 00000 00019 00005 00031 00000 00000 00005 00000 00000 00000 00000
00000 00000 00000 00009 00046 00018 00000 00022 00019 00005 00000 00000
00000 00000 00000 00000 00026 00041 00024 00000 00010 00019 00000 00000
00000 00000 00000 00000 00000 00002 00011 00035 00017 00016 00000 00000
00000 00000 00000 00000 00000 00068 00129 00124 00024 00000 00000 00000
00000 00000 00000 00043 00136 00131 00114 00054 00000 00000 00000 00000
00000 00059 00098 00136 00112 00063 00000 00000 00000 00000 00000 00000
00040 00112 00102 00031 00000 00000 00000 00000 00000 00000 00000 00000
