-00001 -00001 -00001 -00001 -00001 -00001 -00001 -00001 -00001 -00001 -00001 -00001 -00001 -00001 -00001 -00001 -00001 -00001 -00001 -00001 -00001 -00001 -00001 -00001
-00001 -00001 -00001 -00001 -00001 -00001 -00001 -00001 00000 00002 00005 00008 00029 00049 00072 00078 00093 00119 00122 00132 00119 00087 00044 00008
-00001 -00001 -00001 -00001 00003 00009 00024 00051 00075 00118 00156 00180 00233 00274 00317 00288 00327 00349 00392 00351 00287 00195 00097 00031
-00001 -00001 -00001 00007 00055 00104 00171 00256 00319 00377 00426 00468 00494 00517 00491 00444 00454 00420 00390 00309 00268 00197 00115 00035
-00001 -00001 -00001 00016 00122 00234 00347 00446 00522 00543 00551 00552 00534 00521 00389 00314 00211 00104 00006 -00053 -00034 -00011 00015 00007
-00001 -00001 -00001 00008 00092 00186 00267 00352 00440 00397 00330 00250 00171 00133 00019 -00012 -00116 -00208 -00326 -00276 -00214 -00141 -00069 -00025
-00001 -00001 -00001 -00012 -00038 -00046 -00088 -00041 00060 00082 -00007 -00077 -00182 -00232 -00264 -00216 -00199 -00179 -00233 -00173 -00131 -00081 -00042 -00012
-00001 -00001 -00001 -00015 -00110 -00188 -00291 -00281 -00197 -00133 -00141 -00140 -00211 -00322 -00318 -00254 -00143 -00066 -00052 -00036 -00026 -00014 -00008 -00001
-00001 -00001 -00001 -00004 -00068 -00140 -00202 -00243 -00203 -00135 -00092 -00018 -00024 -00137 -00158 -00146 -00103 -00048 -00001 -00001 -00001 -00001 -00001 -00001
-00001 -00001 -00001 -00001 -00017 -00047 -00058 -00127 -00144 -00070 00028 00109 00196 00125 00050 00007 -00013 -00029 -00001 -00001 -00001 -00001 -00001 -00001
-00001 -00001 -00001 -00001 -00001 -00003 -00003 -00070 -00142 -00103 00006 00139 00284 00347 00245 00141 00070 00013 00000 -00001 -00001 -00001 -00001 -00001
-00001 -00001 -00001 -00001 -00001 -00001 -00001 -00031 -00120 -00158 -00080 00025 00219 00375 00414 00306 00194 00082 00021 00000 -00001 -00001 -00001 -00001
-00001 -00001 -00001 -00001 -00001 -00001 -00001 -00003 -00050 -00143 -00161 -00134 -00047 00158 00330 00386 00328 00205 00098 00018 -00001 -00001 -00001 -00001
-00001 -00001 -00001 -00001 -00001 -00001 -00001 -00001 -00008 -00076 -00160 -00219 -00253 -00131 00076 00274 00349 00322 00189 00076 00003 -00001 -00001 -00001
-00001 -00001 -00001 -00001 -00001 -00001 -00001 -00001 -00001 -00017 -00064 -00124 -00179 -00118 -00022 00160 00224 00301 00227 00110 00013 -00001 -00001 -00001
-00001 -00001 -00001 -00001 -00001 -00001 -00001 -00001 00005 00030 00070 00108 00139 00159 00163 00160 00134 00160 00142 00102 00010 -00001 -00001 -00001
-00001 -00001 -00001 -00001 -00001 -00001 00002 00021 00068 00150 00260 00366 00425 00367 00298 00173 00071 00021 00012 00021 -00001 -00001 -00001 -00001
-00001 -00001 -00001 -00001 00002 00013 00055 00128 00232 00350 00427 00447 00430 00300 00142 -00030 -00075 -00095 -00045 -00023 -00012 -00001 -00001 -00001
-00001 -00001 00001 00030 00072 00129 00238 00339 00418 00428 00397 00297 00147 -00028 -00169 -00242 -00199 -00170 -00099 -00042 -00001 -00001 -00001 -00001
00008 00036 00077 00167 00270 00371 00436 00469 00422 00315 00163 -00018 -00171 -00262 -00289 -00267 -00191 -00117 -00063 -00034 -00001 -00001 -00001 -00001
00037 00127 00230 00355 00435 00463 00429 00350 00189 00013 -00139 -00235 -00277 -00271 -00210 -00131 -00077 -00044 -00015 -00001 -00001 -00001 -00001 -00001
00042 00123 00201 00228 00239 00182 00064 -00055 -00165 -00245 -00264 -00254 -00200 -00132 -00079 -00044 -00016 -00001 -00001 -00001 -00001 -00001 -00001 -00001
-00004 -00035 -00082 -00155 -00202 -00248 -00287 -00341 -00343 -00302 -00227 -00147 -00081 -00044 -00016 -00002 -00001 -00001 -00001 -00001 -00001 -00001 -00001 -00001
-00048 -00136 -00234 -00335 -00387 -00391 -00375 -00314 -00244 -00163 -00095 -00058 -00026 -00003 -00001 -00001 -00001 -00001 -00001 -00001 -00001 -00001 -00001 -00001
