-00011 -00011 -00011 -00011 -00011 -00011 -00011 -00011 -00011 -00011 -00011 -00011 -00011 -00011 -00011 -00011 -00011 -00011 -00011 -00011 -00011 -00011 -00011 -00011
-00011 -00011 -00011 -00011 -00011 -00011 -00011 -00011 -00011 -00013 -00012 -00013 -00024 -00018 -00028 -00005 -00018 -00011 -00015 -00017 00011 00020 00021 00003
-00011 -00011 -00011 -00011 -00014 -00013 -00021 -00024 -00023 -00031 -00020 -00017 -00006 -00007 -00004 -00005 00000 00002 -00020 -00004 00011 00021 00010 -00008
-00011 -00011 -00011 -00016 -00034 -00032 -00037 -00025 -00010 -00003 -00008 -00008 -00003 00005 00036 00045 00042 00033 00021 00063 00048 00015 -00017 -00023
-00011 -00011 -00011 -00010 -00028 -00035 -00041 -00015 00015 00035 00056 00061 00075 00084 00094 00072 00079 00094 00089 00068 00002 -00033 -00036 -00019
-00011 -00011 -00011 -00010 00000 00011 00046 00062 00071 00077 00099 00105 00109 00071 00049 00016 00010 00006 -00004 -00036 -00094 -00095 -00065 -00028
-00011 -00011 -00011 -00004 00032 00074 00083 00084 00043 00040 00029 00047 00041 00004 -00029 -00057 -00073 -00095 -00069 -00077 -00085 -00066 -00042 -00019
-00011 -00011 -00011 -00007 00024 00056 00048 00012 -00020 -00031 00007 -00018 -00026 -00039 -00061 -00091 -00080 -00074 -00034 -00032 -00028 -00021 -00015 -00011
-00011 -00011 -00011 -00010 00004 00019 00005 -00007 -00030 -00035 -00050 -00086 -00072 -00033 -00048 -00081 -00074 -00045 -00011 -00011 -00011 -00011 -00011 -00011
-00011 -00011 -00011 -00011 -00008 -00006 -00013 -00002 00031 -00005 -00049 -00087 -00072 -00023 00005 -00001 -00018 -00030 -00011 -00011 -00011 -00011 -00011 -00011
-00011 -00011 -00011 -00011 -00011 -00010 -00011 00009 00043 00046 -00022 -00067 -00080 -00046 00008 00022 00017 00003 -00008 -00011 -00011 -00011 -00011 -00011
-00011 -00011 -00011 -00011 -00011 -00011 -00011 -00005 00018 00043 00018 -00050 -00049 -00048 -00017 00008 00009 00019 00005 -00008 -00011 -00011 -00011 -00011
-00011 -00011 -00011 -00011 -00011 -00011 -00011 -00010 -00001 00026 00041 00027 -00005 -00023 -00024 -00027 -00004 00008 00019 00008 -00011 -00011 -00011 -00011
-00011 -00011 -00011 -00011 -00011 -00011 -00011 -00011 -00010 00005 00028 00033 00024 -00027 -00031 -00052 -00024 00010 00013 00011 -00003 -00011 -00011 -00011
-00011 -00011 -00011 -00011 -00011 -00011 -00011 -00011 -00011 -00008 -00005 00002 00005 -00010 -00040 -00034 00002 00002 00016 -00009 -00012 -00011 -00011 -00011
-00011 -00011 -00011 -00011 -00011 -00011 -00011 -00011 -00015 -00026 -00028 -00026 -00018 00011 00035 00024 00017 -00020 -00002 -00019 -00016 -00011 -00011 -00011
-00011 -00011 -00011 -00011 -00011 -00011 -00013 -00023 -00030 -00030 -00034 -00020 00010 00073 00124 00097 00024 -00050 -00076 -00067 -00013 -00011 -00011 -00011
-00011 -00011 -00011 -00011 -00013 -00017 -00032 -00028 -00033 -00027 00013 00068 00110 00129 00119 00086 00002 -00092 -00093 -00068 -00019 -00011 -00011 -00011
-00011 -00011 -00013 -00029 -00027 -00036 -00026 -00016 00005 00064 00117 00131 00114 00092 00054 -00007 -00084 -00119 -00085 -00041 -00011 -00011 -00011 -00011
-00017 -00028 -00030 -00029 -00031 -00017 00003 00043 00103 00136 00118 00101 00056 -00009 -00072 -00112 -00113 -00086 -00060 -00033 -00011 -00011 -00011 -00011
-00024 -00030 -00040 -00040 00008 00060 00104 00136 00112 00088 00063 -00004 -00072 -00110 -00111 -00090 -00067 -00043 -00020 -00011 -00011 -00011 -00011 -00011
-00004 -00003 00007 00059 00098 00094 00092 00068 00055 00016 -00060 -00108 -00114 -00090 -00068 -00043 -00021 -00011 -00011 -00011 -00011 -00011 -00011 -00011
-00003 00034 00082 00112 00102 00068 00031 -00009 -00052 -00095 -00119 -00095 -00069 -00043 -00021 -00012 -00011 -00011 -00011 -00011 -00011 -00011 -00011 -00011
00007 00040 00042 00014 -00022 -00060 -00077 -00088 -00101 -00094 -00077 -00054 -00028 -00012 -00011 -00011 -00011 -00011 -00011 -00011 -00011 -00011 -00011 -00011
