00000 00000 00000 00000 00004 00015 00079 00131 00153 00223 00173 00026
00000 00010 00152 00303 00374 00460 00496 00488 00416 00382 00384 00133
00000 00002 00182 00475 00675 00685 00620 00695 00565 00381 00429 00171
00000 00000 00000 00399 00758 00865 00627 00634 00531 00227 00198 00049
00000 00000 00006 00159 00532 00839 00621 00208 00162 00000 00000 00000
00000 00000 00000 00001 00056 00707 00744 00577 00199 00007 00000 00000
00000 00000 00000 00000 00000 00169 00597 00799 00733 00202 00000 00000
00000 00000 00000 00000 00044 00194 00354 00775 00879 00444 00012 00000
00000 00000 00021 00151 00322 00461 00525 00633 00779 00466 00014 00000
00055 00195 00348 00455 00522 00600 00609 00597 00537 00228 00000 00000
00105 00329 00448 00528 00601 00628 00542 00356 00120 00009 00000 00000
00000 00153 00412 00508 00496 00402 00135 00011 00000 00000 00000 00000
