00000 00000 00000 00000 00002 00008 00049 00078 00119 00132 00119 00044
00000 00007 00104 00256 00377 00468 00517 00491 00454 00392 00287 00115
00000 00016 00234 00446 00543 00552 00534 00389 00211 00006 00000 00015
00000 00000 00000 00000 00082 00000 00000 00000 00000 00000 00000 00000
00000 00000 00000 00000 00000 00109 00196 00050 00000 00000 00000 00000
00000 00000 00000 00000 00000 00139 00375 00414 00194 00021 00000 00000
00000 00000 00000 00000 00000 00000 00158 00386 00349 00189 00003 00000
00000 00000 00000 00000 00030 00108 00159 00163 00301 00227 00013 00000
00000 00000 00013 00128 00350 00447 00430 00298 00071 00021 00000 00000
00036 00167 00371 00469 00428 00397 00147 00000 00000 00000 00000 00000
00127 00355 00463 00429 00189 00000 00000 00000 00000 00000 00000 00000
00000 00000 00000 00000 00000 00000 00000 00000 00000 00000 00000 00000
