00000 00000 00000 00000 00000 00000 00000 00000 00000 00000 00000 00000 00000 00000 00000 00000 00000 00000 00000 00000 00000 00000 00000 00000
00000 00000 00000 00000 00000 00000 00000 00000 00000 00004 00010 00015 00042 00079 00126 00131 00130 00153 00195 00223 00173 00092 00026 00000
00000 00000 00000 00000 00006 00017 00041 00081 00124 00179 00227 00263 00283 00305 00330 00360 00343 00341 00351 00382 00328 00202 00076 00009
00000 00000 00000 00010 00067 00152 00237 00303 00338 00374 00422 00460 00480 00496 00479 00488 00416 00347 00322 00373 00384 00282 00133 00029
00000 00000 00000 00002 00054 00182 00333 00467 00517 00541 00572 00592 00609 00620 00617 00591 00477 00299 00264 00355 00429 00349 00171 00041
00000 00000 00000 -00007 -00018 00084 00253 00475 00612 00675 00685 00646 00600 00616 00693 00695 00565 00348 00309 00381 00411 00302 00140 00030
00000 00000 00000 -00010 -00070 -00041 00136 00399 00642 00758 00833 00762 00627 00532 00603 00634 00531 00320 00225 00227 00198 00122 00049 00007
00000 00000 00000 -00002 -00038 -00031 00127 00331 00560 00733 00865 00805 00565 00351 00376 00430 00343 00167 00057 00047 00033 00016 00004 00000
00000 00000 00000 00000 -00008 -00004 00079 00159 00279 00532 00800 00839 00543 00223 00154 00208 00162 00064 00000 00000 00000 00000 00000 00000
00000 00000 00000 00000 00000 00006 00033 00031 00035 00268 00652 00815 00621 00270 00100 00069 00044 00018 00000 00000 00000 00000 00000 00000
00000 00000 00000 00000 00000 00000 00001 -00017 -00056 00056 00408 00707 00744 00532 00296 00149 00041 00005 00000 00000 00000 00000 00000 00000
00000 00000 00000 00000 00000 00000 00000 00000 -00018 -00026 00157 00455 00655 00695 00577 00406 00199 00058 00007 00000 00000 00000 00000 00000
00000 00000 00000 00000 00000 00000 00000 00000 -00002 -00026 -00001 00169 00381 00597 00712 00675 00473 00226 00064 00002 00000 00000 00000 00000
00000 00000 00000 00000 00000 00000 00000 00000 00000 -00006 -00015 00031 00171 00399 00654 00799 00733 00462 00202 00033 00000 00000 00000 00000
00000 00000 00000 00000 00000 00000 00000 00000 00000 00000 00013 00053 00148 00308 00558 00775 00855 00641 00335 00085 00004 00000 00000 00000
00000 00000 00000 00000 00000 00000 00000 00000 00008 00044 00109 00194 00291 00354 00509 00711 00879 00772 00444 00136 00012 00000 00000 00000
00000 00000 00000 00000 00000 00000 00004 00032 00091 00172 00260 00343 00428 00465 00507 00633 00779 00733 00466 00161 00014 00000 00000 00000
00000 00000 00000 00000 00004 00021 00074 00151 00238 00322 00397 00461 00504 00525 00546 00601 00673 00609 00374 00131 00008 00000 00000 00000
00000 00000 00003 00043 00107 00187 00254 00312 00374 00439 00475 00518 00564 00593 00597 00575 00537 00428 00228 00067 00000 00000 00000 00000
00011 00055 00121 00195 00275 00348 00412 00455 00482 00522 00571 00600 00609 00587 00539 00467 00350 00214 00095 00022 00000 00000 00000 00000
00028 00105 00221 00329 00413 00448 00479 00484 00530 00599 00628 00602 00542 00466 00356 00230 00120 00045 00009 00000 00000 00000 00000 00000
-00010 00000 00070 00171 00276 00378 00460 00528 00567 00601 00573 00495 00365 00231 00122 00047 00010 00000 00000 00000 00000 00000 00000 00000
-00027 -00057 -00020 00109 00279 00412 00477 00508 00496 00483 00402 00264 00135 00049 00011 00000 00000 00000 00000 00000 00000 00000 00000 00000
-00019 -00042 00014 00153 00288 00364 00372 00352 00322 00254 00162 00070 00019 00001 00000 00000 00000 00000 00000 00000 00000 00000 00000 00000
